-5000 106.685542705
-1980 104.116732274
-1030 101.948708515
390 97.6824328648
-2960 104.714405901
3780 101.586382102
-3600 107.679720073
-3020 99.1945720712
3760 103.777973988
3950 99.3285492307
4580 98.6485299166
330 95.2579632143
1870 91.171185272
3350 95.4254944765
-3970 98.9126107456
-520 96.2545621132
-2120 95.232707985
-3700 97.2663723582
-80 94.6395728211
-4470 91.5057587219
890 87.5217380483
2000 88.3429626312
1940 87.6703388756
-860 84.6241465868
1640 84.7956187635
150 82.6707095305
4030 83.0674234841
-3630 85.1353692975
-1020 86.1596216383
-3350 84.9589052256
2510 84.2547650575
2260 86.2471277188
2510 87.2340577276
-1510 90.365241161
-720 92.2309083757
4650 91.1420249314
-3850 95.3452197783
4490 101.296833153
-920 110.512712231
-2630 104.531954713
-4970 105.200582868
1170 108.937709481
3860 110.316272355
-1430 101.777088876
-4840 102.714388803
4290 105.88053862
4330 104.946815124
1970 104.110757278
2120 104.936536826
-3760 105.435266212
530 105.948237545
3420 110.824776708
860 109.180082885
4700 106.436762235
3010 104.988578558
-2670 105.171095922
3640 103.314163857
2470 108.479372016
-4400 103.848977376
-3790 104.552157405
600 107.682871881
-4870 103.668073544
-2480 98.1491137448
2440 99.3892681773
4700 100.787085551
3470 95.6530521881
1200 95.5057007431
3290 89.5513342476
1060 89.463548668
690 86.7428579848
510 80.5537221223
2450 84.6203068277
-4340 80.6722208918
-1300 83.4953373289
2530 79.5021528177
-4330 81.2652129197
-3070 83.873039522
1390 81.8151277489
-2370 84.4710667595
-4340 84.6279301796
4080 87.6088139893
4320 90.2676119609
4500 92.1919787126
570 92.6991474375
-1100 93.5617906397
-140 96.1409726507
4260 100.203522452
4190 109.32604949
-3260 111.265482213
-3740 110.82238641
-4780 110.899280304
4480 106.050999799
-3690 103.888537776
3090 99.842712491
820 101.832139252
3790 101.125813874
2990 110.348660049
-2140 102.318670361
-4840 113.162299788
930 112.046865183
-1850 118.15103268
3930 116.806313718
2880 111.031858135
1120 112.427572077
1790 111.933942221
4190 109.214365006
1050 110.442449542
3290 110.121212047
-2140 118.802815498
870 124.179818525
2550 127.195800964
1980 129.343555198
1710 127.294170793
-490 131.542485496
-990 124.744002641
-1830 116.293381278
4740 111.222146641
1780 120.236612395
-1570 118.682696981
2980 112.500766629
-2480 107.091393855
3550 110.894231334
720 117.290599535
2330 117.895441436
690 125.449393903
-340 125.997384547
-1220 123.28724844
-4200 122.314438743
1880 123.502732054
690 124.499834243
-1550 123.903738425
-2750 117.963618018
4160 110.35193829
4100 114.039476378
-3070 111.798189777
0 110.421562897
-2520 106.696650458
3520 109.60367624
-2660 117.801894552
-3980 111.830345224
-3470 100.053373446
1220 108.082710687
-3550 117.286244344
2520 120.055100996
2850 120.564252548
-4780 113.454090741
3450 117.105222238
380 115.37121501
-4010 116.687511819
1510 117.914109745
3000 121.907639066
-4650 129.638861987
-2400 133.617887566
-2430 138.412693105
2970 130.69075417
-540 137.267011045
4010 133.056773777
420 130.75758759
4940 131.074449462
460 132.181620511
-1440 126.430867856
-4740 126.839165755
-4700 129.351697312
-1330 125.890963611
1910 128.001486096
-3110 132.066803951
4900 143.396090172
-2960 135.232885195
2500 130.833239025
-430 126.322792516
-2880 126.390012018
2990 122.939849145
-1190 128.567366038
2500 130.140566399
4590 146.84349856
3040 151.747752886
-2790 155.75725215
-2330 155.439925032
-3910 154.600111355
1340 149.766567889
2660 153.518701726
-1580 159.479469401
3240 157.974773963
1260 165.415937115
-4720 158.974039209
2550 158.29907748
-480 167.722774579
-500 163.643337411
3030 148.091496425
-980 136.128595622
1190 133.751173397
-4900 135.486336432
4510 134.893911834
4050 134.939864274
-3120 134.038628018
1220 133.111685465
4090 138.577944877
-990 143.751675901
-3810 139.790532712
3130 136.830321591
3190 134.405786104
-1890 130.852731968
4110 121.103875154
-1330 122.816621562
4390 125.362982
-4690 112.208029929
-4730 114.852355355
220 116.345804771
590 120.369041539
1900 118.404518906
-2100 128.931337742
-4910 124.958736341
170 116.515675954
4160 119.881495904
-1290 112.752678065
4320 110.758500403
-1860 110.247870468
-3250 109.479875395
3160 103.431071773
-3150 110.979181313
740 106.551636502
-1510 109.978454695
190 109.823594082
-3250 119.457887863
4760 121.218508469
4020 127.321406801
-4060 125.194387213
-4350 125.626403577
4750 115.348102421
-3320 111.595398234
1690 113.621485893
-230 118.731421831
-310 127.356977614
-430 127.049596984
4840 123.17263405
-2800 128.771958191
2550 130.373657741
-360 119.937141862
50 118.159476946
1740 114.68115435
-4770 112.512646768
190 114.093310252
-510 119.720837344
4150 125.162551056
3300 131.014356092
1490 130.755178402
-2260 135.037408249
610 145.017927334
3560 138.467423447
-3050 146.119478271
2740 141.245826972
-720 146.991960739
-2860 143.907853065
2670 150.463523539
2440 157.197935704
-2790 151.651294517
-3570 147.919698472
-1230 144.461101062
-4190 150.602489887
-2680 154.298286487
-1950 157.09053248
3350 168.536933057
2060 173.838730908
-220 173.018076731
-690 170.154218497
-960 166.93658495
-3110 169.964089679
1440 165.322955369
1010 160.345443685
2490 164.713244719
-2050 172.764392675
2320 184.904861676
2820 184.130436003
-4440 188.812034604
-1050 185.717016427
-2000 189.091317404
-60 193.117948173
-3680 176.650547418
-1430 164.954743939
-3920 165.330567995
4860 163.633437376
-3230 164.872163959
2870 161.210107367
-3100 161.7871724
-3500 173.081865102
510 174.444767167
2230 179.330871313
-3230 173.995670612
-970 175.255195831
2590 183.15890317
2070 184.098098786
2810 197.473694061
2510 208.022422866
1130 203.071456032
-4970 216.618254502
2750 209.771204953
-3790 207.678351568
-2800 210.869241662
430 216.694710478
-2130 213.664987216
1140 210.08182769
-1760 204.047379342
3280 186.722195633
-740 174.498972968
-2790 183.846062082
-330 175.577963146
3770 182.79597359
-520 172.352701606
1560 170.832198766
-3680 181.137130424
1050 187.400857782
2670 186.360635777
3430 174.591008639
-4320 204.416719309
180 209.768225551
-3060 210.667253809
2010 206.842023735
400 212.220747787
3380 213.42690878
-4920 217.838284752
-4910 221.094897676
3230 219.790767115
-2440 218.190644457
3030 227.974571566
4280 218.082566905
3960 217.497652784
-810 227.798379011
1830 227.548667398
-3100 228.836375852
4650 207.007554291
-3560 202.152691491
-4860 199.678310119
2950 203.784664545
70 218.157716066
2780 223.985266357
-940 232.962497573
-1780 223.213690479
-3270 227.660880881
-930 214.784122843
4750 210.410766432
3570 199.41047929
1200 211.444190448
-670 218.163608283
-1420 212.460547464
-2310 223.088307211
3080 213.918138026
-120 217.294865085
3550 202.064822654
-540 209.32345658
4220 210.91283923
1820 217.252657714
-2720 204.57162981
4380 204.25256322
-1570 202.399506416
-1580 197.671016847
-3550 201.731026688
1880 209.804610822
-2470 218.952845934
-750 210.072850257
-1280 216.29835357
1320 211.956439651
2070 210.555193573
-3300 224.194945306
-3510 235.235790337
-3160 245.470609483
-370 245.86575102
-3380 244.825126583
-1580 219.060561514
3000 225.189225426
-730 220.935385948
100 211.89151629
-2030 214.581671851
1330 218.117912369
-3750 225.719680701
4480 228.599015623
1450 228.423928624
660 232.073741896
-310 223.044912048
3500 240.774185832
2510 227.787481316
-4350 234.709149697
4910 236.025671068
1240 227.46880608
-4520 225.821600652
2040 223.419940364
1680 222.250929963
2470 212.034878409
-1600 208.184920992
260 207.69308853
-4720 220.035868962
-2710 208.524641974
-660 219.631574046
4790 214.508047793
-1360 195.687211776
3890 197.946112608
-1450 210.120440773
-4560 212.750641119
4510 211.118304761
4950 194.353154722
-4420 201.830096981
710 197.818004078
-3200 197.959569722
3750 198.813433983
-480 199.046585099
-50 206.858307468
290 212.92825406
-3580 209.732924628
2270 201.422398282
3860 180.891767347
280 172.355349993
-4280 161.988978261
-820 158.084234238
-3910 161.465272911
1730 161.4910121
-3560 171.685885672
-4170 171.683320583
-3080 180.763197008
2680 177.629120749
-4830 171.025497557
-1010 166.292895617
-4290 176.809722485
-3470 168.90031151
-1790 161.720340328
580 173.054342961
-4600 176.517026906
-4300 178.194010349
4370 163.601927626
-100 161.210745487
-530 167.459328157
3770 168.099345598
-1720 162.453475511
480 156.518303861
-3570 160.802589544
-4060 153.867298742
-1140 151.680859331
720 154.765891987
3740 149.873962682
4510 150.167202513
280 146.64294825
-1610 151.76429018
-1880 154.361562759
1690 154.663698179
-1740 161.648046513
3900 157.183891008
-310 162.367227637
-2890 167.495297023
-4630 166.879614578
1940 165.305537548
2680 160.402964801
360 172.682082482
-4480 168.810503587
1050 161.818252894
-680 177.985040426
3480 179.733892959
3730 177.414143127
1560 177.195784936
3640 176.335515507
-4180 171.616569696
2730 164.468246505
3410 163.966566178
-2610 163.850212839
4520 159.979002468
4730 160.917182802
-1550 164.625153383
-2640 163.640975764
4410 169.719864136
3700 166.782555859
2010 168.019966297
-2470 178.337940944
1000 183.20230222
-2520 187.682316998
-2050 205.641554682
-4360 203.890403878
3970 212.357274404
3820 216.843668636
-130 212.760599902
1250 218.53919961
3550 240.744011603
680 246.712935799
-3850 243.30640976
-2610 248.108466219
-3690 234.692608277
1020 237.189655349
4640 234.741014034
990 244.869960857
1160 228.732396549
-3070 229.191391885
2530 235.207222614
3550 236.755351827
1050 244.21049519
-1790 245.136518621
-3770 245.926440931
-3730 241.463151529
900 258.440364627
70 262.577298581
-450 260.576347559
-1950 244.945294743
-1280 250.655997949
1960 255.641613354
-4280 240.867360657
-4200 246.814819997
-180 254.24929171
-510 274.502917781
2040 267.95498946
1190 280.643658706
-3490 292.865715048
4040 301.813637452
-2660 310.361432174
-1790 305.51922776
3150 291.583540412
-720 308.060882816
-4010 315.544479601
-3060 311.964626634
3210 301.326022776
-90 321.565403934
-4120 332.786014629
-3010 329.79305194
-4750 309.864113406
-1700 321.576663799
3430 333.978714143
1570 348.509915376
810 345.609638044
3940 347.544264131
-1950 328.439219037
3990 344.7959365
-4240 329.567568846
3500 327.075088118
1670 330.12990388
1350 317.888116109
3480 312.569769146
4560 318.203660067
900 332.794632195
-1630 328.649901617
4920 311.502253791
-4250 295.835117639
-1300 296.712384088
-860 300.4956442
4910 290.024090743
610 280.478768829
2800 255.938023047
-2380 230.16443762
4110 226.287129377
-1450 231.580045341
4740 222.772188536
3890 221.153340446
830 219.214413265
-2970 214.633050575
3960 211.178764004
-300 214.44810205
3270 220.673701907
-2240 201.533460484
4250 200.975199836
-2460 199.751968962
3850 181.301788547
2180 170.708982461
-3090 164.883961627
-2570 168.615025531
1230 179.104110697
-4330 169.325520541
3810 177.127922185
-2460 188.536282422
910 186.758877015
-3730 172.840751747
-2560 164.942419054
2420 163.437143636
1150 160.27097726
-2690 160.502277421
-3250 174.022598602
4830 176.73172177
4140 174.251100542
460 182.61721665
3160 178.011811194
2870 197.168755398
-4000 193.556451315
1040 177.447532532
4590 181.756847463
2910 170.910425222
1450 160.697404828
-960 171.23692347
-3640 165.235688639
-2820 152.727898618
4260 149.186069881
2470 154.335750836
420 164.72123363
3630 167.439839841
-3330 168.721300216
4790 167.016842068
-2640 166.081833418
-2890 161.759430945
30 163.437444612
380 161.877613554
-1610 156.452087595
-1090 166.47571452
1960 182.958939008
610 191.72932887
-1420 200.477591262
970 205.550101556
4800 206.887722632
-4620 220.78604797
2650 217.279919431
-2230 215.55599157
350 215.61945718
1500 227.878657156
4310 229.941584414
4190 228.239906628
2650 225.032342684
3960 235.631906029
4730 238.903125663
-1530 237.635936018
-1460 257.208353491
2260 260.867901411
-4740 258.669969499
-4710 241.013127656
3850 238.033608562
2970 231.388628767
-1750 242.05474381
4770 246.529597204
240 244.511327178
2100 223.030198224
-440 225.955459412
-4110 219.817373935
-3150 230.054886937
3010 208.121266936
4330 214.98674206
4570 217.364693569
4590 215.236018361
-1440 214.201859782
4540 211.989735918
30 197.415902365
1430 195.959851922
3520 198.243301186
3440 194.813474719
-560 192.796654013
-3980 199.542902709
3910 203.598738262
4230 201.444394681
-1550 191.857489446
-3400 196.172550731
-3350 189.805609987
-3030 188.970121921
3730 194.167224041
-2550 208.292592699
160 205.363950741
3630 206.175083546
-4520 199.583669365
-4900 193.863164274
-2220 189.15765214
1400 189.057415153
910 181.403560084
-1190 174.843197773
1330 174.589970613
-1470 188.324974903
4370 183.133375236
3050 180.185111028
510 173.223631953
-3150 166.79073586
4470 158.282423133
-60 156.764912201
-160 157.393180733
4680 159.421069591
1620 161.745654231
-660 155.553866359
-350 155.481161567
3070 151.141661455
-2600 147.29844008
1860 139.035810328
-4420 136.081770152
-3610 139.619032073
3500 140.644249744
-650 140.160798129
-3420 153.185035115
-4850 149.872272662
-1780 153.308019545
2800 165.553489305
-2080 162.737034685
-3040 158.905864057
-3800 160.572466566
-4890 156.860605887
3600 162.433094118
-1620 163.232702218
1700 165.320323329
3080 167.074116312
580 166.350815613
60 172.682040018
200 180.408690888
3280 188.890951567
-2180 199.034241536
-3220 199.219542288
4550 203.454317928
-4190 191.185658997
-2760 192.779292362
2650 187.265577462
-3920 201.768733354
-4160 208.036337428
-4130 197.780971261
-1290 212.136696647
3960 203.657919529
4500 208.317219141
-2120 221.185915815
-1860 216.146952866
3790 229.425126101
-2450 245.216176318
1570 245.187792739
3430 244.596239449
-1360 247.828269185
3920 244.956200119
-820 245.443892928
-3310 247.599512455
-1880 244.53493192
-1770 245.522893892
3460 261.928214413
4280 274.278576251
-1010 284.167674566
4670 305.596922848
1820 311.524295282
-2640 289.051462663
2920 289.427309511
1920 275.063485039
530 282.480884936
-4150 282.140121355
2060 286.980108262
3950 282.909309315
1500 286.688994651
940 264.388513227
-2520 260.182932039
3460 245.315197608
1250 236.04375951
-2420 247.77775282
-2050 235.761633985
4120 249.904643734
-2860 251.396270624
4390 257.294509006
-2880 265.943840794
3300 274.860902766
2110 282.230108008
2420 267.863711004
4030 283.162185838
870 276.597197518
-4610 280.122231312
-2580 275.40072445
-4570 278.79356
4490 279.550244128
3110 290.862845668
3600 283.670481442
-2420 292.360012568
4340 291.512202517
-4670 291.908116283
2250 292.005348682
-2410 288.228712321
-1730 322.594664021
3000 312.529261631
20 303.81195208
150 324.951438562
-1000 328.038500261
1190 311.348621105
-3220 305.199244597
-2090 297.674374529
4160 306.973728935
3630 307.960575271
-1470 319.425046739
2350 319.179321967
1410 322.623540468
-2190 329.387802884
1020 330.154715783
-1990 352.432520794
3190 334.3038592
-3890 341.128665517
1480 339.548083398
-3020 311.541977023
-2790 316.630549662
2190 307.611637534
-3900 332.918896689
-830 317.8773903
-180 337.763980462
3750 376.30276225
4490 360.193990696
-1480 379.476192806
4180 390.722727545
3680 393.679068499
3500 413.351701564
360 408.425466661
4010 412.535332602
4780 405.609194589
-2490 429.759776474
3090 435.650184789
4000 433.483006395
2380 420.288005983
2240 403.782453906
850 370.329464425
340 361.358767258
-1040 393.681980118
2720 408.735510366
4600 421.544972042
-4960 401.270853922
440 392.387925382
1270 397.437921698
1220 401.797520948
-2680 399.08402798
550 393.571898041
-4050 397.338091609
1490 373.736438305
2160 381.315433823
3130 414.819587708
3080 420.218249878
-920 405.74502482
3750 442.089265338
660 426.47005006
4090 436.465801993
3200 439.713514952
-10 436.430289163
-3030 461.476259551
4810 434.702606045
1180 437.114511066
-2690 416.640047575
2670 402.902150117
1340 355.334983764
-470 385.402324091
260 379.365106717
2880 363.918174943
1030 371.520960163
1010 385.954969963
2260 384.702718839
4460 411.941492091
-3000 398.950826481
-4190 403.751891838
4980 396.900277463
-3110 409.850891213
-590 406.281490563
-380 411.301035344
130 429.992408089
-3060 403.122031546
-3860 436.6474132
-1410 457.39809189
-4250 460.995668013
-750 497.190542045
3110 470.566550861
1830 465.508978995
-4870 501.373643993
-2810 488.695170759
-710 505.227308599
4350 501.896565735
-1470 525.823284678
1430 529.788218787
-4550 530.777623536
320 489.483489298
-2150 480.818167925
1810 487.660360699
3670 472.436422662
3270 477.994570953
1470 471.161395127
-820 458.925557855
420 444.230758015
3400 400.241781943
3700 372.325459006
710 375.031153128
4640 377.314792067
-1810 401.148029039
1810 427.139741917
-3250 433.372013982
-1590 418.671320015
-3490 418.850044263
230 428.029187636
2620 402.780879796
-2600 390.735361522
3640 385.79650919
-520 382.907484561
2960 408.698529295
-520 415.711791578
-4690 423.033836036
4470 415.995841991
1090 433.086503586
-2480 436.676970606
4620 441.924496913
-3160 410.414933631
2700 376.707517445
3030 378.758740047
-4330 358.768272834
-3010 353.842356458
3730 363.365447866
-3720 341.799134574
2420 342.962459636
4830 345.889802894
1790 358.856847085
130 325.433506503
-2150 317.478045177
2690 313.503144555
170 328.292039452
-2680 335.43860128
-4700 316.496347253
4030 328.738339588
2410 307.446915606
4480 286.036791572
-50 273.365342674
3240 264.75740959
-2600 267.844843232
-3140 279.564462411
390 270.283006824
2490 278.868664141
-4600 272.029050474
-3520 266.447488855
-860 254.897504743
-3610 262.431750714
-270 250.48987892
-770 232.233212927
-3630 234.259751819
-760 231.31223742
1720 222.883540034
180 213.601282972
-1600 212.443889196
2040 201.164798568
260 205.683195195
10 202.087603477
-280 196.157738642
4820 191.625934971
3010 188.550705309
1650 183.449633207
-800 176.621356796
1030 168.80287863
1810 173.682896438
-2630 176.748259169
3810 169.147863493
-3740 161.962448584
3270 153.239721567
-1350 158.418797174
-190 153.387191792
3040 157.18982219
1490 150.297253459
2530 148.259878517
4000 145.997359524
3720 136.195462364
3170 140.133949183
4080 149.541748127
-4130 159.693629776
-1000 162.471067541
-20 158.806572668
1600 148.704231869
820 163.523430644
-720 163.038804793
990 157.548273558
1110 154.823418088
1530 142.816306343
-3100 142.822308045
-3150 153.515282143
-4370 150.382617842
-3970 159.600569349
-3040 153.803556168
2500 167.707519657
-3900 162.280556787
1700 153.473152728
-2960 163.246861919
-4810 155.074147776
-130 155.753905462
370 158.819476896
2750 151.907613415
2490 135.918947942
730 147.225028563
-3110 146.190841493
-1060 133.589030318
-2260 133.384371485
270 130.84359424
-2070 131.12425893
770 128.74519733
1630 126.583225828
-2610 135.229348498
2170 142.591064853
2060 142.533756761
4200 151.732547898
-590 149.525153876
-1090 145.148515346
-330 145.426651774
1070 147.380132843
-4700 157.723204
-4950 154.90150912
1690 150.395547056
430 151.213286774
1160 157.817284007
750 151.886917905
3090 143.492478516
2430 140.044633361
-1590 134.273971538
1350 134.154411034
3800 126.874118026
2530 125.411008939
-2180 128.484512268
-860 121.393890603
-2850 117.102138553
4630 113.621069671
40 111.991256615
-420 112.646971215
2550 113.782998287
220 107.360423301
2120 111.507914977
4300 115.300690822
1250 112.32798449
270 114.035047658
2540 111.609231669
2430 115.823068038
2270 117.710753409
-4160 116.701401152
3300 120.642678279
